    
名次 
队名 
场次 
胜 
平 
负 
进球 
失球 
净胜球 
积分  
1山东鲁能 
10 
8 1 
1 24 
11 13 
25  
2长春亚泰 
10 6 
2 2 
13 4 
9 20 
 3大连实德 
10 6 
1 3 
16 12 
4 19 
 4北京国安 
10 4 
5 1 
11 4 
7 17 
5天津康师傅 
10 
4 3 
3 15 
13 
2 15 
 6上海申花 
11 3 
5 3 
9 8 
1 14 
 6深圳金威 
11 4 
2 5 
8 13 
-5 14 
 7上海联城 
10 3 
3 4 
13 10 
3 12 
 9武汉光谷 
11 3 
3 5 
10 16 
-6 12 
10西安国际 
10 2 
5 3 
12 14 
-2 11 
 11辽宁队 
10 
2 5 
3 10 
13 
-3 
11  
12沈阳金德 
10 3 
2 5 
7 14 
-7 11 
 13厦门蓝狮 
10 1 
7 2 
9 13 
-4 10 
 14青岛中能 
10 2 
3 5 
7 11 
-4 9 
 15重庆力帆 
11 2 
1 8 
10 18 
-8 7