
　　搜狐足彩中心注：本数据为结合整个欧洲赔率公司投注情况的汇总，其中欧洲平均胜负倾向为欧洲所有博彩公司的彩民胜负倾向数据。我们在之后的预测中，以百分比超过30%为可选项做出分析。搜狐网友胜负倾向为搜狐足彩调查取值，每放出数值，可以代表一些网友的观点。欧洲网友胜负倾向为了更加贴近比赛，我们分别针对意甲联赛取值意大利网友的调查，英超联赛取值英格兰网友的调查，以供彩民参考。
　　但是我们知道冷门往往是投注的冰点，所以冷门场次不一定会在预测值中出现，本预测仅为数值分析得出，未加任何影响因素。




对阵
彩果
欧洲平均胜负倾向
搜狐网友胜负倾向
欧洲网友胜负倾向 


胜/平/负(%)
预测
胜/平/负(%)
预测

胜/平/负(%)
预测

01
佛罗伦vs雷吉纳
    3
周五
82
13
5
3
88.57
9.27
2.16
3
意大利网友胜负倾向
75.68
13.72
10.60
3

周六
82
13
5

周日
82
13
5

02
国米vs锡耶纳
    1
周五
66
24
10
3
79.86
16.51
3.62
3
60.35
26.68
12.97
3

周六
66
24
10

周日
66
24
10

03
尤文vs巴勒莫
    3
周五
78
15
7
3
79.83
15.34
4.83
3
72.41
16.05
11.54
3

周六
78
15
7

周日
78
15
7

04
莱切vs切沃
    1
周五
17
29
54
0
14.85
32.38
52.77
01
12.18
33.14
54.68
01

周六
17
29
54

周日
17
29
54

05
梅西纳vs恩波利
    0
周五
39
34
27
31
38.53
36.95
24.52
31
35.80
38.28
25.91
31

周六
39
34
27

周日
39
34
27

06
帕尔玛vsAC米兰
    0
周五
9
21
70
0
8.25
17.47
74.28
0
7.5
21.21
71.30
0

周六
9
21
70

周日
9
20
70

07
罗马vs特雷维
    3
周五
82
13
5
3
90.31
7.32
2.37
3
79.58
14.59
5.84
3

周六
82
13
5

周日
82
13
5

08
乌迪内vs卡利亚
    3
周五
51
33
16
31
52.88
35.50
11.62
31
48.48
35.58
15.94
31

周六
51
33
16

周日
51
33
16

09
阿森纳vs维冈
    3
周五
74
17
9
3
86.15
10.58
3.27
3
英格兰网友胜负倾向
64.71
19.56
15.73
3

周六
74
17
9

周日
74
17
8

10
博尔顿vs伯明翰
    3
周五
59
25
15
3
59.74
28.19
12.07
3
50.00
30.04
19.96
31

周六
59
25
15

周日
59
25
16

11
埃弗顿vs西布朗
    1
周五
57
26
17
3
69.14
22.53
8.33
3
51.61
28.00
20.38
3

周六
59
25
15

周日
57
26
17

12
曼联vs查尔顿
    3
周五
75
17
8
3
86.73
10.15
3.12
3
67.45
19.57
12.98
3

周六
75
17
8

周日
75
17
8

13
朴茨茅vs利物浦
    0
周五
18
26
56
0
12.76
23.17
64.07
0
17.94
27.88
54.18
0

周六
18
25
57

周日
18
25
57

14
西汉姆vs热刺
    3
周五
23
27
50
0
19.86
27.59
52.55
0
21.48
29.95
48.57
0

周六
22
26
52

周日
22
26
52（小唛） 