


名次
队名
场次
胜
平
负
进球
失球
净胜球
积分

1
山东鲁能
9
7
1
1
22
10
12
22

2
长春亚泰
10
6
2
2
13
4
9
20

3
大连实德
9
6
1
2
14
8
6
19

4
北京国安
10
4
5
1
11
4
7
17

5
上海申花
10
3
5
2
8
6
2
14

6
深圳金威
11
4
2
5
8
13
-5
14

7
上海联城
10
3
3
4
13
10
3
12

8
天津康师傅
9
3
3
3
11
11
0
12

9
武汉光谷
11
3
3
5
10
16
-6
12

10
辽宁队
9
2
5
2
8
9
-1
11

11
沈阳金德
10
3
2
5
7
14
-7
11

12
厦门蓝狮
10
1
7
2
9
13
-4
10

13
青岛中能
10
2
3
5
7
11
-4
9

14
西安国际
9
1
5
3
8
12
-4
8

15
重庆力帆
11
2
1
8
10
18
-8
7