










排

球队名称

场次

主场统计

客场统计


名

0-1

2-3

4-6

≥7

球/场

0-1

2-3

4-6

≥7

球/场


1

尤文

37

10

8

1

0

1.5

8

8

2

0

1.7


2

AC米兰

37

5

8

5

0

2.5

8

9

2

0

1.7


3

国米

37

6

10

3

0

2.4

12

5

1

0

0.9


4

佛罗伦

37

7

9

2

0

1.9

13

5

1

0

1.1


5

罗马

37

10

6

2

0

1.6

7

9

3

0

2


6

拉齐奥

37

10

6

2

0

1.6

14

4

1

0

1.1


7

切沃

36

8

7

3

0

1.6

13

5

0

0

0.8


8

巴勒莫

36

9

7

1

0

1.6

14

5

0

0

0.7


9

利沃诺

37

10

9

0

0

1

14

4

0

0

0.8


10

帕尔马

37

13

5

1

0

1.2

12

6

0

0

1


11

恩波里

37

11

7

0

0

1.3

13

6

0

0

0.8


12

乌迪内

37

14

5

0

0

0.9

15

3

0

0

0.7


13

桑普多

37

13

4

1

0

0.9

15

3

1

0

0.9


14

雷吉纳

37

10

8

0

0

1.2

16

3

0

0

0.5


15

阿斯科

37

11

6

0

0

1.2

18

2

0

0

0.5


16

卡利亚

37

12

5

1

0

1

14

5

0

0

0.8


17

锡耶纳

37

14

3

1

0

0.7

14

5

0

0

1


18

梅西纳

37

15

4

0

0

0.7

13

5

0

0

0.6


19

莱切

37

15

4

0

0

0.7

16

2

0

0

0.6


20

特雷维

37

15

3

0

0

0.4

17

2

0

0

0.4