










排名

球队名称

赛

胜

平

负

进

失

净

客场积分


1

巴塞

17

10

4

3

32

14

18

34


2

皇马

18

9

6

3

27

15

12

33


3

拉科

18

9

5

4

28

22

6

32


4

巴伦西

18

9

4

5

23

15

8

31


5

奥萨苏

19

9

2

8

21

23

-2

29


6

塞维利

19

8

3

8

25

24

1

27


7

马德里

19

6

7

6

24

19

5

25


8

切尔达

19

7

4

8

20

20

0

25


9

比利亚

19

5

9

5

22

21

1

24


10

加泰

18

7

2

9

22

24

-2

23


11

萨拉戈

18

4

10

4

19

22

-3

22


12

桑坦德

18

5

7

6

18

21

-3

22


13

毕尔巴

19

4

6

9

21

28

-7

18


14

马洛卡

19

4

5

10

16

30

-14

17


15

卡迪斯

19

4

4

11

14

27

-13

16


16

西班牙人

19

3

7

9

10

32

-22

16


17

艾拉维

19

3

6

10

15

30

-15

15


18

贝蒂斯

18

2

6

10

14

31

-17

12


19

皇家社会

18

3

3

12

17

37

-20

12


20

马拉加

18

2

4

12

20

38

-18

10