










球队名称

总积分榜

积分


排名

球队

赛

胜

平

负

进

失

净


1

巴塞

36

25

7

4

77

29

4882 -->

82


2

皇马

37

20

10

7

67

36

3170 -->

70


3

巴伦西

37

19

12

6

57

31

2669 -->

69


4

奥萨苏

37

20

5

12

47

42

565 -->

65


5

塞维利

36

18

8

10

47

34

1362 -->

62


6

切尔达

37

19

4

14

44

33

1161 -->

61


7

拉科

37

15

10

12

47

44

355 -->

55


8

比利亚

37

13

15

9

48

39

954 -->

54


9

加泰

37

15

9

13

54

48

654 -->

54


10

马德里

37

13

12

12

44

36

851 -->

51


11

萨拉戈

37

10

16

11

45

48

-346 -->

46


12

毕尔巴

37

10

12

15

37

45

-842 -->

42


13

贝蒂斯

37

10

11

16

33

50

-1741 -->

41


14

桑坦德

37

9

13

15

36

47

-1140 -->

40


15

皇家社会

37

11

7

19

48

64

-1640 -->

40


16

马洛卡

37

9

13

15

34

50

-1640 -->

40


17

西班牙人

37

9

11

17

35

56

-2138 -->

38


18

艾拉维

37

8

12

17

34

54

-2036 -->

36


19

卡迪斯

37

7

12

18

31

52

-2133 -->

33


20

马拉加

37

5

9

23

36

63

-2724 -->

24