










排名

球队名称

赛

胜

平

负

进

失

净

客场积分


1

汉堡

17

11

3

3

27

14

13

36


2

拜仁

17

8

7

2

25

18

7

31


3

不莱梅

16

8

4

4

27

18

9

28


4

沙尔克

17

6

7

4

15

15

0

25


5

勒沃库

16

7

3

6

32

24

8

24


6

斯图加

16

4

9

3

17

17

0

21


7

赫塔

16

4

7

5

21

24

-3

19


8

多特蒙

16

3

8

5

19

21

-2

17


9

汉诺威

17

3

8

6

16

23

-7

17


10

法兰福

17

4

4

9

18

29

-11

16


11

纽伦堡

17

3

5

9

18

31

-13

14


12

美因茨

16

3

3

10

15

24

-9

12


13

凯泽斯

16

3

3

10

19

36

-17

12


14

沃尔夫

17

3

3

11

17

39

-22

12


15

比勒菲

16

2

5

9

12

28

-16

11


16

科隆

17

2

5

10

25

42

-17

11


17

杜斯堡

17

2

3

12

17

40

-23

9


18

门兴

16

1

5

10

13

32

-19

8