











排名

球队名称

赛

胜

平

负

进

失

净

主场积分


1

拜仁

16

14

1

1

39

11

28

43


2

不莱梅

17

12

3

2

50

18

32

39


3

沙尔克

16

9

6

1

29

14

15

33


4

汉堡

16

10

2

4

25

14

11

32


5

门兴

17

8

7

2

27

18

9

31


6

赫塔

17

8

5

4

30

22

8

29


7

多特蒙

17

8

4

5

23

18

5

28


8

纽伦堡

16

8

3

5

29

19

10

27


9

勒沃库

17

7

6

4

30

23

7

27


10

比勒菲

17

8

2

7

18

15

3

26


11

美因茨

17

6

7

4

31

23

8

25


12

斯图加

17

5

7

5

18

19

-1

22


13

沃尔夫

16

4

9

3

14

14

0

21


14

法兰福

16

5

5

6

24

20

4

20


15

汉诺威

16

4

8

4

25

22

3

20


16

凯泽斯

17

5

5

7

26

33

-7

20


17

杜斯堡

16

3

8

5

17

23

-6

17


18

科隆

16

4

4

8

20

27

-7

16