










球队名称

总积分榜

积分


排名

球队

赛

胜

平

负

进

失

净


1

拜仁

33

22

8

3

64

29

3574 -->

74


2

汉堡

33

21

5

7

52

28

2468 -->

68


3

不莱梅

33

20

7

6

77

36

4167 -->

67


4

沙尔克

33

15

13

5

44

29

1558 -->

58


5

勒沃库

33

14

9

10

62

47

1551 -->

51


6

赫塔

33

12

12

9

51

46

548 -->

48


7

多特蒙

33

11

12

10

42

39

345 -->

45


8

斯图加

33

9

16

8

35

36

-143 -->

43


9

纽伦堡

33

11

8

14

47

50

-341 -->

41


10

门兴

33

9

12

12

40

50

-1039 -->

39


11

美因茨

33

9

10

14

46

47

-137 -->

37


12

汉诺威

33

7

16

10

41

45

-437 -->

37


13

比勒菲

33

10

7

16

30

43

-1337 -->

37


14

法兰福

33

9

9

15

42

49

-736 -->

36


15

沃尔夫

33

7

12

14

31

53

-2233 -->

33


16

凯泽斯

33

8

8

17

45

69

-2432 -->

32


17

科隆

33

6

9

18

45

69

-2427 -->

27


18

杜斯堡

33

5

11

17

34

63

-2926 -->

26