










排名

球队名称

赛

胜

平

负

进

失

净

客场积分


1

曼联

19

12

3

4

35

26

9

39


2

切尔西

19

11

3

5

25

13

12

36


3

利物浦

19

10

4

5

25

17

8

34


4

维冈

19

8

3

8

21

26

-5

27


5

西汉姆

19

7

4

8

22

30

-8

25


6

热刺

19

6

6

7

22

22

0

24


7

阿森纳

19

6

4

9

20

18

2

22


8

埃弗顿

19

6

4

9

12

27

-15

22


9

布莱克

19

6

3

10

20

25

-5

21


10

纽卡

19

6

2

11

19

27

-8

20


11

米德尔

19

5

4

10

20

28

-8

19


12

查尔顿

19

5

4

10

19

34

-15

19


13

博尔顿

19

4

6

9

20

28

-8

18


14

阿斯顿

19

4

6

9

22

35

-13

18


15

朴茨茅

19

5

1

13

20

38

-18

16


16

曼城

19

4

2

13

17

28

-11

14


17

伯明翰

19

2

5

12

9

30

-21

11


18

西布朗

19

1

7

11

10

34

-24

10


19

桑德兰

19

2

2

15

14

32

-18

8


20

富勒姆

19

1

4

14

17

37

-20

7