











排名

球队名称

赛

胜

平

负

进

失

净

主场积分


1

切尔西

19

18

1

0

47

9

38

55


2

利物浦

19

15

3

1

32

8

24

48


3

阿森纳

19

14

3

2

48

13

35

45


4

曼联

19

13

5

1

37

8

29

44


5

布莱克

19

13

3

3

31

17

14

42


6

热刺

19

12

5

2

31

16

15

41


7

富勒姆

19

13

2

4

31

21

10

41


8

博尔顿

19

11

5

3

29

13

16

38


9

纽卡

19

11

5

3

28

15

13

38


10

西汉姆

19

9

3

7

30

25

5

30


11

曼城

19

9

2

8

26

20

6

29


12

查尔顿

19

8

4

7

22

21

1

28


13

埃弗顿

19

8

4

7

22

22

0

28


14

米德尔

19

7

5

7

28

30

-2

26


15

阿斯顿

19

6

6

7

20

20

0

24


16

维冈

19

7

3

9

24

26

-2

24


17

伯明翰

19

6

5

8

19

20

-1

23


18

朴茨茅

19

5

7

7

17

24

-7

22


19

西布朗

19

6

2

11

21

24

-3

20


20

桑德兰

19

1

4

14

12

37

-25

7