










球队名称

总积分榜

积分


排名

球队

赛

胜

平

负

进

失

净


1

切尔西

38

29

4

5

72

22

5091 -->

91


2

曼联

38

25

8

5

72

34

3883 -->

83


3

利物浦

38

25

7

6

57

25

3282 -->

82


4

阿森纳

38

20

7

11

68

31

3767 -->

67


5

热刺

38

18

11

9

53

38

1565 -->

65


6

布莱克

38

19

6

13

51

42

963 -->

63


7

纽卡

38

17

7

14

47

42

558 -->

58


8

博尔顿

38

15

11

12

49

41

856 -->

56


9

西汉姆

38

16

7

15

52

55

-355 -->

55


10

维冈

38

15

6

17

45

52

-751 -->

51


11

埃弗顿

38

14

8

16

34

49

-1550 -->

50


12

富勒姆

38

14

6

18

48

58

-1048 -->

48


13

查尔顿

38

13

8

17

41

55

-1447 -->

47


14

米德尔

38

12

9

17

48

58

-1045 -->

45


15

曼城

38

13

4

21

43

48

-543 -->

43


16

阿斯顿

38

10

12

16

42

55

-1342 -->

42


17

朴茨茅

38

10

8

20

37

62

-2538 -->

38


18

伯明翰

38

8

10

20

28

50

-2234 -->

34


19

西布朗

38

7

9

22

31

58

-2730 -->

30


20

桑德兰

38

3

6

29

26

69

-4315 -->

15