










排名

球队名称

赛

胜

平

负

进

失

净

客场积分


1

尤文

18

12

5

1

36

15

21

41


2

AC米兰

19

10

3

6

35

18

17

33


3

罗马

18

8

8

2

34

19

15

32


4

国米

18

7

5

6

19

15

4

26


5

佛罗伦

18

5

7

6

22

21

1

22


6

拉齐奥

19

5

7

7

23

29

-6

22


7

巴勒莫

19

4

8

7

19

26

-7

20


8

乌迪内

18

5

5

8

20

30

-10

20


9

锡耶纳

19

4

7

8

24

33

-9

19


10

切沃

19

4

7

8

21

30

-9

19


11

桑普多

19

4

5

10

18

22

-4

17


12

利沃诺

18

4

5

9

15

27

-12

17


13

帕尔马

18

5

2

11

21

37

-16

17


14

恩波里

19

4

3

12

20

36

-16

15


15

雷吉纳

19

3

4

12

14

37

-23

13


16

阿斯科

18

1

8

9

14

27

-13

11


17

特雷维

19

1

8

10

12

30

-18

11


18

卡利亚

19

2

4

13

19

38

-19

10


19

梅西纳

18

2

4

12

14

33

-19

10


20

莱切

18

2

1

15

11

34

-23

7