











排名

球队名称

赛

胜

平

负

进

失

净

主场积分


1

AC米兰

18

17

1

0

48

12

36

52


2

国米

19

16

1

2

47

13

34

49


3

佛罗伦

19

16

1

2

42

20

22

49


4

尤文

19

14

5

0

33

9

24

47


5

拉齐奥

18

10

7

1

33

18

15

37


6

罗马

19

11

4

4

35

21

14

37


7

切沃

18

9

8

1

33

17

16

35


8

利沃诺

19

8

7

4

22

17

5

31


9

恩波里

18

9

3

6

25

24

1

30


10

巴勒莫

18

8

5

5

30

26

4

29


11

阿斯科

19

7

8

4

27

25

2

29


12

卡利亚

18

6

10

2

21

15

6

28


13

帕尔马

19

7

7

5

25

22

3

28


14

雷吉纳

18

8

4

6

25

26

-1

28


15

桑普多

18

6

6

6

28

26

2

24


16

乌迪内

19

6

5

8

19

22

-3

23


17

梅西纳

19

4

9

6

20

24

-4

21


18

莱切

19

4

7

8

16

22

-6

19


19

锡耶纳

18

5

4

9

18

27

-9

19


20

特雷维

18

1

4

13

10

25

-15

7