










球队名称

总积分榜

积分


排名

球队

赛

胜

平

负

进

失

净


1

尤文

37

26

10

1

69

24

4588 -->

88


2

AC米兰

37

27

4

6

83

30

5385 -->

85


3

国米

37

23

6

8

66

28

3875 -->

75


4

佛罗伦

37

21

8

8

64

41

2371 -->

71


5

罗马

37

19

12

6

69

40

2969 -->

69


6

拉齐奥

37

15

14

8

56

47

959 -->

59


7

切沃

37

13

15

9

54

47

754 -->

54


8

巴勒莫

37

12

13

12

49

52

-349 -->

49


9

利沃诺

37

12

12

13

37

44

-748 -->

48


10

帕尔马

37

12

9

16

46

59

-1345 -->

45


11

恩波里

37

13

6

18

45

60

-1545 -->

45


12

乌迪内

37

11

10

16

39

52

-1343 -->

43


13

桑普多

37

10

11

16

46

48

-241 -->

41


14

雷吉纳

37

11

8

18

39

63

-2441 -->

41


15

阿斯科

37

8

16

13

41

52

-1140 -->

40


16

卡利亚

37

8

14

15

40

53

-1338 -->

38


17

锡耶纳

37

9

11

17

42

60

-1838 -->

38


18

梅西纳

37

6

13

18

34

57

-2331 -->

31


19

莱切

37

6

8

23

27

56

-2926 -->

26


20

特雷维

37

2

12

23

22

55

-3318 -->

18