4 5 6 7 8 5 9 10 11 12 13 14 15 16 
6 17 8 
18 19 20 
21 5 7 22 23 24 25 26 27 28 25 29 5 30 22 31 25 32 33 19 34 33 35 5 36 37 27 38 5 31 39 40 41 42 25 43 44 45 5 46 47 48 27 49 50 51 52 53 6 54 21 55 
6 7 8 56 5 9 10 11 12 13 14 15 16 
14 7 57 
6 58 59 60 5 61 62 16 
14 17 6 63 16 
14 7 57 
64 
14 7 57 
65 
65 
6 7 8 5 9 10 11 12 13 14 15 16 
66 
66 
66 
66 
66 
66 
67 68 69 19 70 71 72 73 74 75 76 5 77 78 79 80 81 82 83 84 85 86 87 88 69 89 90 91 92 70 93 74 75 94 5 95 27 96 97 98 99 100 50 
89 101 102 103 104 5 105 106 107 19 108 109 109 110 75 111 5 67 112 113 114 115 79 101 116 117 94 78 118 75 19 94 5 105 75 115 119 101 120 121 27 122 123 27 124 125 117 126 78 108 78 108 127 128 108 115 
102 103 104 117 81 129 130 83 106 78 108 81 131 111 132 10 73 133 134 83 78 6 19 75 78 108 76 135 50 
89 101 102 103 104 117 81 129 130 83 106 107 78 126 78 108 78 6 19 75 78 136 135 115 79 101 137 117 81 129 130 83 79 135 78 138 139 94 140 78 141 136 142 115 119 101 73 133 117 143 
75 144 117 81 89 83 145 117 77 80 146 147 148 78 149 147 150 27 151 147 152 78 148 147 152 81 145 108 153 75 154 94 155 156 157 158 159 83 81 79 83 160 117 77 80 146 147 150 78 149 147 150 27 151 147 152 78 148 147 152 50 
102 103 104 117 81 129 130 83 106 107 78 78 126 78 108 81 131 111 132 10 73 133 134 83 78 6 19 75 78 161 135 162 115 81 163 130 164 163 78 161 135 50 
165 166 167 168 169 170 130 113 108 50 
77 80 75 94 5 77 171 79 80 74 135 136 142 5 172 173 174 5 175 153 77 171 79 176 177 5 136 68 178 179 72 180 130 10 181 182 183 81 184 185 126 186 180 74 187 136 183 83 5 188 189 190 191 192 50 
193 27 194 134 195 147 51 52 53 81 193 83 196 68 117 197 198 199 195 194 106 200 5 201 202 203 195 204 50 51 52 53 81 205 83 206 68 117 51 52 53 89 27 172 68 207 208 209 194 134 5 175 132 68 210 211 212 213 214 215 195 50 51 52 53 79 27 216 79 217 218 81 82 79 217 83 219 220 19 206 68 221 87 157 74 195 194 106 134 50 51 52 53 119 27 222 223 224 219 220 19 206 68 225 195 226 227 214 50 51 52 53 228 117 133 229 230 19 5 231 132 232 233 234 19 235 236 81 132 237 195 194 19 238 83 27 230 239 240 115 68 153 241 5 133 229 230 19 5 231 132 232 233 241 242 234 19 235 236 81 132 237 195 194 19 238 83 27 230 239 240 50 51 52 53 141 27 172 68 197 153 243 127 244 245 246 247 209 194 134 5 248 74 209 249 104 250 81 251 103 104 252 253 254 103 104 255 83 27 256 81 257 83 258 259 260 203 27 261 203 262 50 51 52 53 81 89 83 130 263 117 68 264 243 265 266 127 267 268 96 92 130 115 51 52 53 81 79 83 269 270 117 68 271 103 104 252 43 73 272 45 127 254 103 104 255 43 6 19 273 45 5 105 194 262 203 111 5 67 274 112 114 30 275 262 215 115 51 52 53 81 119 83 68 74 276 277 278 279 275 194 262 215 5 106 280 281 81 282 283 284 117 152 83 275 19 68 74 285 203 262 5 286 106 280 281 275 19 287 153 265 165 106 288 203 262 50 51 52 53 228 117 68 153 289 197 195 194 97 106 19 290 170 130 41 291 157 268 267 170 130 19 5 292 293 195 194 106 134 50 51 52 53 81 141 83 194 262 294 144 117 51 52 53 295 27 296 68 153 259 297 298 194 134 299 300 167 5 175 262 246 157 134 301 294 115 51 52 53 302 27 296 68 153 259 297 298 194 134 303 304 300 167 19 5 262 246 157 134 287 305 298 194 134 294 157 306 50 
153 307 108 308 309 19 310 265 5 166 311 195 194 106 134 5 312 75 194 19 94 50 
165 166 153 313 97 314 34 12 215 268 119 86 92 130 27 119 86 315 316 130 115 317 215 268 89 86 163 130 27 89 86 318 130 
319 130 25 77 171 89 80 294 12 106 50 
89 27 216 79 217 218 81 82 79 217 83 219 220 19 206 68 5 320 195 132 211 212 261 203 5 221 321 294 50 51 52 53 79 27 222 223 79 217 219 220 19 206 68 225 195 226 227 214 50 51 52 53 119 27 172 68 197 153 243 127 244 245 246 247 209 194 134 5 12 209 249 104 250 81 103 104 322 127 254 255 83 27 256 258 259 260 27 261 203 262 50 
196 68 19 323 215 324 132 209 325 326 327 5 328 68 209 329 325 19 330 27 331 325 27 332 113 323 50 
333 334 335 209 245 121 139 325 336 5 226 209 325 326 135 50 
89 27 91 92 337 81 251 338 27 339 340 194 83 5 251 163 170 130 19 70 81 163 130 341 342 253 343 170 70 344 100 83 115 51 52 53 79 27 91 92 345 253 346 347 337 81 348 349 126 350 165 87 19 351 100 83 115 51 52 53 119 27 352 353 354 27 355 5 356 357 358 359 360 361 106 362 19 91 92 337 50 51 52 53 141 27 108 136 19 337 363 364 70 100 19 144 117 96 117 347 365 366 115 95 117 347 84 193 87 367 366 50 
368 369 340 370 371 372 214 12 373 374 5 375 132 68 211 212 153 106 144 261 203 50 172 68 334 376 377 214 5 74 378 379 380 202 293 195 381 382 50 
383 384 385 89 386 387 5 244 388 334 335 50 
74 167 43 389 390 342 45 19 111 75 94 5 375 304 391 43 341 342 45 111 50 
74 167 43 389 390 342 45 19 111 75 94 5 375 304 391 43 341 342 45 111 50 
153 273 170 392 393 81 394 386 117 395 83 396 68 397 30 398 43 6 19 399 45 5 396 157 77 171 89 80 363 294 115 
