4 5 6 7 8 9 10 11 
6 7 8 11 
8 
12 
6 9 13 
14 9 13 15 11 
4 16 11 
4 
14 9 
17 18 14 7 8 
14 7 8 
19 20 21 22 23 
24 25 26 27 28 
6 11 
29 
29 30 
23 29 
23 7 29 
23 31 
31 
32 33 11 
32 34 35 11 
32 36 34 37 11 
38 39 34 37 11 
32 40 11 
32 41 34 37 11 
32 42 43 11 
38 39 34 44 11 
34 45 46 47 48 11 
49 45 46 48 5 50 51 46 38 16 11 
52 53 54 55 50 56 57 58 59 60 11 
61 62 63 60 10 64 50 65 47 11 
34 45 46 47 48 11 
66 61 34 67 68 69 59 70 71 11 
72 73 37 68 74 11 
32 75 7 76 77 11 
34 78 79 80 81 82 83 84 85 86 11 
87 88 89 90 91 7 9 92 52 
93 60 94 10 95 96 51 38 11 
93 60 97 32 36 5 50 98 51 11 
99 59 100 73 101 102 103 104 11 
