德国位于大西洋和东部大陆性气候之间的凉爽西风带，四季分明、温和湿润。到这里旅行，一般只要准备华北的适用服装就可以了。夏季的白天很热、晚上较凉，需要带上毛衣；冬季北部气候较暖湿，甚至比南部温暖。冬季(1月)平均温度在l．5―6度之间；夏季(7月)则在18―20度之间。一年四季均有降水。属于例外的是上莱茵河谷、上拜恩和哈尔茨山区。相比之下，上莱茵河谷更加温暖潮湿；上拜恩经常可以感受到从阿尔卑斯山吹来的燥热风；哈尔茨山区山风刺骨、夏凉冬雪。 



德国主要城平均气温

　
1月
2月
3月
4月
5月
6月
7月
8月
9月
10月
11月
12月

柏林
2
3
8
13
19
22
24
23
19
13
7
3

-3
-3
0
4
8
12
14
13
10
6
2
-1

汉堡
2
3
8
13
18
22
23
23
19
13
7
4

-3
-3
0
3
7
11
13
13
10
6
2
-1

法兰克富
3
5
11
16
20
23
25
24
21
14
8
4

-2
-1
2
6
9
13
15
14
11
7
3
0

慕尼黑
1
3
9
14
18
21
23
23
20
13
7
2

-6
-5
-2
3
7
10
12
11
8
4
0
-4
&nbsp;&nbsp;&nbsp; 注：上格为日间平均气温，下格为夜间平均气温。 &nbsp;&nbsp; 单位：摄氏度&nbsp;&nbsp;&nbsp; 以上四大城市均有一定代表性：柏林位于东部，汉堡位于北部，法兰克富位于中西部，慕尼黑位于南部。
　　