名称         债券 发行日期 到期日期 总额     利率   价格     收益率(％)
             类别                   亿元      ％    (元)   (单利)  (复利)
05京能(1)    附息 20050706 20100705  15      4.80  108.90   3.714   3.522
05国航债     附息 20050907 20150906  30      4.50  108.00   4.470   3.852
06大唐债     附息 20060216 20260215  20      4.20  103.10   5.614   4.039
05铁通债     附息 20050818 20150817  10      4.60  109.00   4.476   3.860
06冀建投     附息 20060328 20260327  10      4.18  102.00   5.676   4.067
98三峡(8)    附息 19990118 20070117  10      6.20  104.31   2.624   2.624
98中信(7)    附息 19990616 20060615   7      5.48  105.11   3.569   3.569
98石油债     附息 19990908 20070907  13.5    4.50  105.23   2.779   2.766
98中铁(3)    附息 19991013 20091012  24      4.50  105.55   3.707   3.557
01广核债     附息 20011211 20081210  25      4.12  103.25   3.568   3.474
02金茂债     附息 20020428 20120428  10      4.22  102.51   4.120   3.769
01三峡债     附息 20011108 20161108  30      5.21  112.75   4.762   4.005
02电网15     附息 20020619 20170618  35      4.86  107.50   5.519   4.490
02三峡债     附息 20020920 20220920  50      4.76  110.97   5.377   4.083
02中移(5)    附息 20021028 20071028  30      3.50  102.80   2.847   2.829
02中移(15)   附息 20021028 20171028  50      4.50  105.02   5.141   4.204
02武钢(7)    附息 20021105 20091104  15      4.02  103.08   3.861   3.694
02渝城投     附息 20021209 20121209  15      4.32  105.00   4.151   3.759
02苏交通     附息 20021212 20171211  15      4.51  106.03   4.924   4.048
03浦发债     附息 20030113 20130112  15      4.29  104.10   4.230   3.818
03沪杭甬     附息 20030124 20130123  10      4.29  103.86   4.257   3.838
03中铁债     附息 20030825 20210824  30      4.63  108.44   5.423   4.165
03石油债     附息 20031028 20131027  15      4.11  103.14   4.464   3.956
03苏交通     附息 20031121 20131120  18      4.61  106.70   4.392   3.898
03中电投     附息 20031208 20181207  30      5.02  110.20   5.191   4.177
03电网(1)    附息 20031231 20131230  30      4.61  106.22   4.407   3.903
04中石化     附息 20040224 20140223  35      4.61  105.61   4.418   3.902
04南网(2)    附息 20040917 20190916  20      5.60  100.00   8.274   5.996
04南网(1)    附息 20040917 20140916  10      5.30  111.00   4.844   4.200
04国电(1)    附息 20040922 20140921  24.44   5.30  113.88   4.328   3.803
04华电1      附息 20040929 20140928  29.8    5.40  113.80   4.460   3.904
05华电债     附息 20050630 20150629  20      4.98  111.63   4.652   4.003
05渝水务     附息 20050426 20150425  17      5.05  109.00   4.459   3.868
05大唐债     附息 20050429 20200428  30      5.28  114.72   4.891   3.908
05苏园建     附息 20050519 20150518  12      5.05  113.30   4.545   3.929
05闽高速     附息 20050610 20150609  20      5.05  112.46   4.647   4.003
05杭城建     附息 20050620 20150619  10      5.02  112.09   4.649   4.002
05粤交通     附息 20050629 20200628  15      5.30  117.00   5.234   4.121
05华能债     附息 20050705 20150704  20      5.02  112.00   4.637   3.991
05国网(1)    附息 20050708 20150707  30      4.98  111.00   4.745   4.071
05中电投     附息 20050712 20150711  20      4.98  112.00   4.568   3.938
05沪建(1)    附息 20050727 20150726  20      4.98  111.00   4.710   4.042
05沪建(2)    附息 20050727 20200726  10      5.18  119.00   4.747   3.800
05中核(1)    附息 20050722 20150721  10      4.98  111.37   4.657   4.003
05铁道债     附息 20050729 20200728  50      4.85  114.00   4.907   3.899
05世博债     附息 20051228 20121227  15      4.00  103.15   4.091   3.705
